
1        0.0        -3.141592653589793          0.0001575946807861328

10        1.2566370614359172        -1.8849555921538759          0.00026297569274902344

100        3.015928947446201        -0.1256637061435919          0.0021555423736572266

1000        2.9656634649887645        -0.17592918860102857          0.02084493637084961

10000        3.161698846572768        0.02010619298297467          0.22131037712097168

100000        3.146493538129393        0.0049008845395999145          2.2194533348083496
